9;8;
9;8;7;
9;8;7;6;
9;10;11;5;
9;10;11;5;4;
9;10;11;5;4;3;
9;10;11;
9;8;7;6;2;
9;10;
9;8;7;6;2;1;
8;9;
8;7;
8;7;6;
8;7;11;5;
8;7;11;5;4;
8;7;6;2;3;
8;7;11;
8;7;6;2;
8;9;10;
8;7;6;2;1;
7;8;9;
7;8;
7;6;
7;11;5;
7;11;5;4;
7;6;2;3;
7;11;
7;6;2;
7;11;10;
7;6;2;1;
6;7;8;9;
6;7;8;
6;7;
6;5;
6;5;4;
6;2;3;
6;7;11;
6;2;
6;7;11;10;
6;2;1;
5;11;10;9;
5;11;7;8;
5;11;7;
5;6;
5;4;
5;4;3;
5;11;
5;6;2;
5;11;10;
5;6;2;1;
4;5;11;10;9;
4;5;11;7;8;
4;5;11;7;
4;5;6;
4;5;
4;3;
4;5;11;
4;3;2;
4;5;11;10;
4;3;1;
3;4;5;11;10;9;
3;2;6;7;8;
3;2;6;7;
3;2;6;
3;4;5;
3;4;
3;4;5;11;
3;2;
3;4;5;11;10;
3;1;
11;10;9;
11;7;8;
11;7;
11;7;6;
11;5;
11;5;4;
11;5;4;3;
11;7;6;2;
11;10;
11;7;6;2;1;
2;6;7;8;9;
2;6;7;8;
2;6;7;
2;6;
2;6;5;
2;3;4;
2;3;
2;6;7;11;
2;6;7;11;10;
2;1;
10;9;
10;9;8;
10;11;7;
10;11;7;6;
10;11;5;
10;11;5;4;
10;11;5;4;3;
10;11;
10;11;7;6;2;
10;11;7;6;2;1;
1;2;6;7;8;9;
1;2;6;7;8;
1;2;6;7;
1;2;6;
1;2;6;5;
1;3;4;
1;3;
1;2;6;7;11;
1;2;
1;2;6;7;11;10;
